0	file:/C:/Users/rpilo/Downloads/orpheus/dataset/minified_corpus/minified_corpus/ABBA_Fernando.txt	0.011133145518536263	4.670932711698429E-4	0.0018211180549297002	0.0018308139177074143	0.48079832004367434	0.0015201589393116343	0.0010935759371110108	0.09557909246156322	0.010608871490292493	0.021408632843830013	8.056107664035873E-4	0.1486652783572236	0.002153020278554783	6.785554317337965E-4	0.042519129493141725	0.05357063297707119	0.12380032810067752	6.515960331702369E-5	5.430495239503561E-4	9.38412989800561E-4
1	file:/C:/Users/rpilo/Downloads/orpheus/dataset/minified_corpus/minified_corpus/ABBA_Im_A_Marionette.txt	7.662319897599508E-4	3.7239314069702385E-4	0.0014518981837542497	0.16365443829163318	0.002161776279688107	0.0012119565763623978	8.718605104105235E-4	0.287054304556039	3.48251119526889E-4	8.486904209194815E-4	0.024971499912653256	0.06175617412644249	0.04226521188934182	5.409827200625447E-4	0.0014596898266075312	0.010270572675545275	0.009493469219942017	5.19489164659268E-5	4.3294975599073303E-4	0.3900156998881577
2	file:/C:/Users/rpilo/Downloads/orpheus/dataset/minified_corpus/minified_corpus/ABBA_Lay_All_Your_Love_On_Me.txt	0.0011206807680893926	5.446572794204356E-4	0.0021235270694806904	0.013996032130337056	0.015022984512484246	0.2864413708718415	0.0012751716445299802	0.11145064954416822	5.093474787468131E-4	0.0012412833782678842	9.393879025537099E-4	0.22079695348743628	0.22787332746100222	7.912341671256986E-4	0.0021349230232051357	0.08618879848241542	0.025746221581003707	7.597979774335111E-5	6.332265835570443E-4	0.001094242836591241
3	file:/C:/Users/rpilo/Downloads/orpheus/dataset/minified_corpus/minified_corpus/ABBA_One_Of_Us.txt	0.016022644296954366	0.02995116285960208	0.0026209238681303365	0.00263487799818107	0.033181304635855946	0.002187788340579249	0.001573856932244785	0.4449846575149546	0.029907582393548942	0.0015320309686522398	0.001159422081602196	0.27251454136028735	0.04701698680374776	9.765660837123735E-4	0.0026349891124805348	0.018540135503923257	0.09033465552438101	9.377665501102536E-5	7.815481566642575E-4	0.0013505489094866965
4	file:/C:/Users/rpilo/Downloads/orpheus/dataset/minified_corpus/minified_corpus/ABBA_On_And_On_And_On.txt	0.0012221542746611049	5.939739854765459E-4	0.0023158046066490356	0.17048556433825512	0.003448073372542834	0.04073865407140615	0.0013906337296622849	0.21208840295447537	0.013490653943088474	0.0013536770059882591	0.0010244460093914703	0.007955937809546296	0.05447861211524685	8.628775001280799E-4	0.002328232421915211	0.40443736234952704	0.07981819462487799	8.285948795055587E-5	6.905629131502663E-4	0.0011933224860610828
5	file:/C:/Users/rpilo/Downloads/orpheus/dataset/minified_corpus/minified_corpus/ABBA_Suzy-Hang-Around.txt	0.0013831794356915948	6.722331370765388E-4	0.0026209238681303365	0.00263487799818107	0.003902374913330404	0.002187788340579249	0.001573856932244785	0.020440176538334263	6.286526710234012E-4	0.0015320309686522398	0.001159422081602196	0.28715400622155013	0.0030985922199594502	9.765660837123735E-4	0.4564583998116264	0.16493478411655096	0.00249786635680439	9.377665501102536E-5	7.815481566642575E-4	0.04526894349327501
6	file:/C:/Users/rpilo/Downloads/orpheus/dataset/minified_corpus/minified_corpus/ABBA_When_All_Is_Said_And_Done.txt	0.0013438334311035342	6.531107532316438E-4	0.08788454754445685	0.0025599261017529855	0.20291378453390918	0.016348584155296303	0.05842120599272954	0.3185423592740209	6.107699797108198E-4	0.101049659129358	0.0011264410920320254	0.00874804059185867	0.003010449481167144	0.02939484617099296	0.002560034055288472	0.04645880124966701	0.0024268119016851615	9.110907869872146E-5	7.593161912630897E-4	0.11509636929177706
7	file:/C:/Users/rpilo/Downloads/orpheus/dataset/minified_corpus/minified_corpus/Ace_Of_Base_Angel_Eyes.txt	0.0017082891407217394	8.302383179424376E-4	0.0032369594768785767	0.09365619844471633	0.0048196094559011795	0.03886281951153878	0.0019437844700597978	0.1698877501639255	7.764144719647514E-4	0.0018921275139472005	0.0014319386916880413	0.5173717897428538	0.003826901488189731	0.001206103266832383	0.11173673667316346	0.004817504604568702	0.0030849778865961507	1.1581840885918328E-4	9.65247309589362E-4	0.03782879096006287
8	file:/C:/Users/rpilo/Downloads/orpheus/dataset/minified_corpus/minified_corpus/Ace_Of_Base_Captain_Nemo.txt	0.001057938662359077	0.4260055415762718	0.0020046399040109988	0.024409595877159337	0.08136476114568623	0.0016733518521405096	0.001203780257773338	0.02683101551446186	4.8083129976438484E-4	0.0011717892500753006	0.023281078623015254	0.04047835719698179	0.08074997989206888	7.469363624476771E-4	0.0020153978472030633	0.002983467058224593	0.2818390558429442	7.172601500778347E-5	5.977749452421325E-4	0.0010329808771617989
9	file:/C:/Users/rpilo/Downloads/orpheus/dataset/minified_corpus/minified_corpus/Ace_Of_Base_Cuba_Cuba.txt	8.412801944840623E-4	4.088669985290893E-4	0.05501837321432748	0.001602590826289435	0.04689373502848064	0.0013306610503012548	9.572544471693582E-4	0.012432165523672925	3.8236039930499233E-4	0.08997226430372456	7.05186043929079E-4	0.11232507603316104	0.0018846320283318028	5.93968998983345E-4	0.0016026584084534346	0.037988653520651776	0.16179206612034133	5.703702681662103E-5	4.753548008819362E-4	0.4727358150321659
10	file:/C:/Users/rpilo/Downloads/orpheus/dataset/minified_corpus/minified_corpus/Ace_Of_Base_Summer_Days.txt	9.9133776681318E-4	4.81795839130638E-4	0.0018784408930433304	0.08582638393146653	0.47494779260802755	0.0015680085691306702	0.0011279981296966506	0.004157424851389538	4.505613074574618E-4	0.0010980210665096815	8.309687575673908E-4	0.41565084361578336	0.0022207903127647415	6.999141366563625E-4	0.0018885215865267725	0.002795647494596623	0.0017902444122978982	6.721061444306202E-5	5.601429462382878E-4	9.679511604603109E-4
11	file:/C:/Users/rpilo/Downloads/orpheus/dataset/minified_corpus/minified_corpus/Ace_Of_Base_Waiting_For_Magic.txt	7.986147830120788E-4	3.881313639046979E-4	0.0015132588673800844	0.001521315648919073	0.03606304809184891	0.2970998891268771	9.087074171315074E-4	0.30763838229982826	3.6296904328127883E-4	8.845581043404087E-4	0.05138428760699653	0.10662852496848786	0.0017890531694816096	0.07663614340850335	0.0015213798036627505	0.07832445156837803	0.03525211838369589	5.414440170286555E-5	4.512472463385316E-4	7.797746962292203E-4
12	file:/C:/Users/rpilo/Downloads/orpheus/dataset/minified_corpus/minified_corpus/Ace_Of_Base_Wonderful_Life.txt	0.0010347658236481443	5.029021237745456E-4	0.44003600931075426	0.0019711699231827846	0.17814950430281018	0.012588581112351293	0.001177412939185525	0.08100272510542184	4.70299284485009E-4	0.001146122654967934	8.673714445624855E-4	0.061495492745031875	0.0023180776462548417	7.305756446951615E-4	0.21005701036736824	0.002918117900093388	0.001868670594259754	7.015494530753542E-5	5.846814239592976E-4	0.0010103547078860007
13	file:/C:/Users/rpilo/Downloads/orpheus/dataset/minified_corpus/minified_corpus/Adam_Sandler_50_Ways_To_Get_Bin_Laden.txt	6.982777714697913E-4	0.34030320770914785	0.008713653099271683	0.00872069763636007	0.03892264789576321	0.001104472729630645	7.945384979720091E-4	0.0029284038775338004	0.044660475701954826	0.008163941552384297	5.85317165975104E-4	0.004545624589941995	0.08285997969591206	0.00788352328417053	0.08262593649342982	0.14977956166378772	0.1416808582994135	4.734176346704354E-5	3.9455307897848425E-4	0.07458698749343552
14	file:/C:/Users/rpilo/Downloads/orpheus/dataset/minified_corpus/minified_corpus/Adam_Sandler_Baby_Got_Jack.txt	4.535720806172153E-4	0.2786536174116637	8.594531275783487E-4	0.048869749443943344	0.006080238491131269	0.06792542803388896	5.160990287533905E-4	0.0019021688701685799	2.061477293718462E-4	5.023834623988306E-4	0.057987062163564564	0.0029526479106230037	0.0634235267151151	3.2023546549342217E-4	0.039268641784685046	0.02048139577061558	0.010420244214984341	3.0751232579890254E-5	0.3699003328939808	0.02924630416884271
15	file:/C:/Users/rpilo/Downloads/orpheus/dataset/minified_corpus/minified_corpus/Adam_Sandler_Dee_Wee_(My_Friend_The_Massive_Idiot).txt	5.298845492966363E-4	0.10120615927321348	0.07951965709132164	0.07952500280260244	0.057577540929718875	0.006446380887885421	6.029315139311121E-4	0.04708826326619879	2.4083161493996882E-4	5.869083348010293E-4	4.4416496609289545E-4	0.014665938896109931	0.029228331696157666	3.741143526093393E-4	0.0010094424354784937	0.16413377773404905	9.569118471001051E-4	3.5925057366268425E-5	0.41531044868529976	5.173840658270066E-4
16	file:/C:/Users/rpilo/Downloads/orpheus/dataset/minified_corpus/minified_corpus/Adam_Sandler_Food_Innuendo_Guy.txt	7.91921087838245E-4	0.23507057253714037	0.0015005752885222784	0.026653460364027277	0.002234253132148464	0.5209137696130008	9.010909660190715E-4	0.0033211207331502873	0.059031350357222685	8.771440638794155E-4	0.009045443715819335	0.038681748389942934	0.010155689925273334	0.008940751933227692	0.0015086281581060072	0.07766796484335269	0.0014301203383391993	5.36905832561275E-5	4.4746505800534074E-4	7.732389117285366E-4
17	file:/C:/Users/rpilo/Downloads/orpheus/dataset/minified_corpus/minified_corpus/Adam_Sandler_Forgetful_Lucy.txt	0.001841466986907802	8.949635148479208E-4	0.0034893121266999765	0.04248777984095767	0.005195345150459138	0.061382501472126975	0.0020953214803946588	0.007722656062014689	0.3321660100639105	0.0020396373593299403	0.0405234624928912	0.2068869692529158	0.004125245887632567	0.07925991116324196	0.0035080375953306835	0.16111263690667338	0.0033254820850217902	1.2484758657440665E-4	0.04002038795315257	0.001798025018916349
18	file:/C:/Users/rpilo/Downloads/orpheus/dataset/minified_corpus/minified_corpus/Adam_Sandler_Grow_Old_With_You.txt	0.0021323878402989753	0.0010363527177739663	0.004040564833843159	0.004062077311887815	0.006016122419657577	0.025941847592101216	0.11527149230509787	0.03151173504984552	0.09124528278062521	0.0023618658029585598	0.0017874308168458785	0.37498580965000317	0.11762211067267925	0.0015055296430975635	0.0040622486119917265	0.20913475642482465	0.0038508523973813653	1.4457140822762276E-4	0.001204878949812938	0.0020820827710459093
19	file:/C:/Users/rpilo/Downloads/orpheus/dataset/minified_corpus/minified_corpus/Adam_Sandler_Intervention_Song.txt	0.03585374143705396	5.320361069970298E-4	0.025247005811044092	0.0020853631801920117	0.014674861601049041	0.0017315159391238805	0.03600465234483706	0.039349978868101675	0.16270635051062057	0.001212519507600265	9.176197611213435E-4	0.23885318145769854	0.08355677085377833	7.728991457683971E-4	0.002085451121139963	0.16529597546012068	0.01356326917359476	7.42191417046863E-5	0.174413702288145	0.0010688862903087961
20	file:/C:/Users/rpilo/Downloads/orpheus/dataset/minified_corpus/minified_corpus/Adam_Sandler_Leabing_Song_Part_II.txt	0.1519958687749882	4.6238981442268896E-4	0.0018027800686397878	0.0018123782976599292	0.0026842152111539778	0.011574482208777865	0.22261443962054908	0.08454701558840833	4.3241336354673306E-4	0.0010537943999096037	7.974985634910281E-4	0.33849125736844077	0.15317580078849383	6.717226291209201E-4	0.0018124547266805703	0.012752673651752023	0.011787766720461458	6.450347017450217E-5	5.375812157876931E-4	9.289635175411128E-4
21	file:/C:/Users/rpilo/Downloads/orpheus/dataset/minified_corpus/minified_corpus/Adam_Sandler_Memory_Lane.txt	0.05506827284334783	2.5050251648553375E-4	0.06098479296631655	9.818670529203215E-4	0.0014541900453026626	8.152625251950539E-4	5.864857002290739E-4	0.0021615906630737623	2.3426259046314198E-4	5.708995760758816E-4	0.2568304054811904	0.06336346205820588	0.03388637158563032	3.639098520912675E-4	0.00643719262361137	0.40514458315716845	9.308107168671286E-4	0.021856081809585797	0.08212050039111901	0.00595855584512047
22	file:/C:/Users/rpilo/Downloads/orpheus/dataset/minified_corpus/minified_corpus/Adam_Sandler_The_Beating_Of_A_High_School_Bus_Driver.txt	0.029336014415162898	0.16205202500156798	0.16561990170889493	0.05843129922789002	0.03394843378096465	0.004005642833171918	0.0028815898796750636	0.03742411692251251	0.0011510062557388671	0.0028050103183905246	0.028926334911367566	0.01648582900465122	0.005673242465272768	0.001788004288068167	0.11203857828447557	0.2483736158806711	0.05818044328850957	1.71696584672489E-4	0.028234481887381962	0.0024727330609601874
23	file:/C:/Users/rpilo/Downloads/orpheus/dataset/minified_corpus/minified_corpus/Adam_Sandler_Three_Cheers_For_Ottawa_(Go_Leafs_Go).txt	9.058026547927978E-4	4.4022528421929733E-4	0.04965109276932844	0.0017255024360698346	0.0025555480838421302	0.0014327168521201688	0.0010306716183779638	0.0037987117948668566	0.07710725130441963	0.0010032810514827503	0.010346216381147227	0.03465740001307618	0.021203066337124248	6.395237872843173E-4	0.011312520896241492	0.17511945451378186	0.0016357776286485455	6.141151384607104E-5	0.1251421064379961	0.4802317186413341
24	file:/C:/Users/rpilo/Downloads/orpheus/dataset/minified_corpus/minified_corpus/Adele_First_Love.txt	0.0013632225865378936	6.625339939526765E-4	0.0025831085414056015	0.0025968613378756673	0.003846070499400491	0.14643865343195914	0.001551148941816478	0.3087101227689968	6.195823174583105E-4	0.0015099264533946772	0.001142693657949457	0.5138627680651534	0.0030538849781317524	9.624759508500931E-4	0.0025969708489910074	0.003844390818362113	0.002461826533768758	9.24236226351081E-5	7.702717898629371E-4	0.0013310628614976695
25	file:/C:/Users/rpilo/Downloads/orpheus/dataset/minified_corpus/minified_corpus/Adele_I_Found_A_Boy.txt	0.0011479119935782437	5.57891811155399E-4	0.038623363278389805	0.002186706928747223	0.039686850043744316	0.06256272520517012	0.01345556914906347	0.07771053233922633	0.049119373353129145	0.0012714451054355617	9.622139244899572E-4	0.2869091216083453	0.13621508283212205	8.104602274213675E-4	0.12368092246667572	0.03968543565549373	0.12356712316358355	7.782601752677248E-5	6.486132452838932E-4	0.0011208316514181224
26	file:/C:/Users/rpilo/Downloads/orpheus/dataset/minified_corpus/minified_corpus/Adele_I_Miss_You.txt	5.483357989531293E-4	2.664943425198671E-4	0.0010390165918769574	0.0010445484475802914	0.047975375747478795	0.15175945104138436	6.23926351210435E-4	0.0022995844139002577	2.4921767612694283E-4	6.073452247334965E-4	0.11072696660997561	0.08481915295443296	0.5351544237480333	3.871414871601296E-4	0.0010445924967807062	0.007349892394228584	0.01840086460984065	3.717601326462162E-5	3.0983025184332943E-4	0.03535666379867546
27	file:/C:/Users/rpilo/Downloads/orpheus/dataset/minified_corpus/minified_corpus/Adele_Lay_Me_Down.txt	9.058026547927978E-4	4.4022528421929733E-4	0.0017163642955516027	0.0017255024360698346	0.0025555480838421302	0.08771522810491848	0.0010306716183779638	0.2051245713847296	4.116857463766879E-4	0.0010032810514827503	7.592706863918586E-4	0.04424434570783154	0.5388981338539142	6.395237872843173E-4	0.10718197784379517	0.0025544320081852326	0.0016357776286485455	6.141151384607104E-5	5.118124061763072E-4	8.844339035657349E-4
28	file:/C:/Users/rpilo/Downloads/orpheus/dataset/minified_corpus/minified_corpus/Adele_Take_It_All.txt	0.0019161586402637815	9.312640866705623E-4	0.0036308419470395354	0.003650173008631489	0.005406073293728421	0.06387223414432533	0.002180309713578125	0.008035894340882805	8.708908014556269E-4	0.08324427022091324	0.001606181079654239	0.5803270661345192	0.1259754246304895	0.0013528653555772343	0.08477223016783737	0.025684188125411796	0.003460366802967811	1.2991152349265948E-4	0.0010827013578506956	0.0018709546247105812
29	file:/C:/Users/rpilo/Downloads/orpheus/dataset/minified_corpus/minified_corpus/Adele_Think_That_I_Get_Told_The_Court.txt	0.2703700149422622	4.1254027568036767E-4	0.01059246432828468	0.0016169885651292901	0.002394834074313385	0.0013426157613680612	9.658544586679547E-4	0.012543856586349312	3.8579554012920533E-4	9.401864372637956E-4	7.115214630063925E-4	0.4906638562367529	0.19056638729385303	5.993052397667351E-4	0.0016170567544541018	0.011377827408512632	0.0015329063960312801	5.754944970263549E-5	4.7962540705732276E-4	8.288133814147655E-4
30	file:/C:/Users/rpilo/Downloads/orpheus/dataset/minified_corpus/minified_corpus/Aerosmith_Angel.txt	0.05129956168895338	0.010532020523026169	0.0018027800686397878	0.15285683892671215	0.0026842152111539778	0.07199226646039875	0.001082564031272488	0.33628778330349535	4.3241336354673306E-4	0.0010537943999096037	7.974985634910281E-4	0.05654159752754327	0.11289727795407989	6.717226291209201E-4	0.1931354381901467	0.0026830429431485407	0.0017181360118579752	6.450347017450217E-5	5.375812157876931E-4	9.289635175411128E-4
31	file:/C:/Users/rpilo/Downloads/orpheus/dataset/minified_corpus/minified_corpus/Aerosmith_Baby,_Please_Dont_Go.txt	0.0013249880861071236	0.09880895642905246	0.0025106597237184447	0.11471260350386676	0.0037381992055866456	0.296590760382704	0.0015076436438044413	0.005556671581962351	6.022048028706744E-4	0.057561865683630614	0.0011106443641741355	0.036672505991568974	0.3255103902680864	9.354812490891414E-4	0.002524133233164369	0.03178371081239044	0.0164163514188289	8.983140396564642E-5	7.486678659167241E-4	0.0012937303495118143
32	file:/C:/Users/rpilo/Downloads/orpheus/dataset/minified_corpus/minified_corpus/Aerosmith_Black_Cherry.txt	8.265607267820294E-4	4.017132528225629E-4	0.115293530197747	0.001574551079173305	0.05482151352197922	0.11503469695658568	9.40505834744959E-4	0.0909489429699385	3.7567042658840196E-4	9.155114645473375E-4	0.12316842079797717	0.09286326873259512	0.0018516575443808766	5.835766141942249E-4	0.08030891443897258	0.2735268755281562	0.0014926756268988986	5.603907788170985E-5	4.6703775064770476E-4	0.04454833745738656
33	file:/C:/Users/rpilo/Downloads/orpheus/dataset/minified_corpus/minified_corpus/Aerosmith_Eat_The_Rich.txt	5.389522988749681E-4	0.3082903386358886	0.15503543858802332	0.07518165973815177	0.01292900975224777	0.00655669580017241	6.132492935086992E-4	0.1847955832906995	2.4495289150430646E-4	5.969519146949433E-4	4.517658230896596E-4	0.003508453115176684	0.0069115881821363995	3.805164552326828E-4	0.0010267167100932381	0.16123831833449517	9.732871820849814E-4	3.65398317057296E-5	0.08016374426370158	5.262378985174781E-4
34	file:/C:/Users/rpilo/Downloads/orpheus/dataset/minified_corpus/minified_corpus/Aerosmith_F.I.N.E..txt	4.084714574175746E-4	0.004521749988129485	0.013743685558606335	0.47633347178334534	0.057354420432505715	0.03523192741018331	0.030727394705288902	0.01900595010684324	1.8564957381251513E-4	0.026391812419103853	0.052221159117825364	0.0069822839444559845	9.150558831123358E-4	0.00461162359313314	7.781476613091797E-4	0.13949529697282353	7.37653470598382E-4	2.769350523559942E-5	0.04778633735699881	0.0825402150592714
35	file:/C:/Users/rpilo/Downloads/orpheus/dataset/minified_corpus/minified_corpus/Aerosmith_Hollywood.txt	6.733941139388201E-4	3.272734007035238E-4	0.15094616660928478	0.0012827774106075193	0.01615415517179385	0.0010651140069570348	7.662245165071658E-4	0.04558695732864163	0.15710339072029	7.458617515858116E-4	5.644589452208247E-4	0.1255452142831633	0.12979726242882136	4.754364008566886E-4	0.10819010486202145	0.07317053791250339	0.06536043797959717	4.565470385100201E-5	0.07877916000872878	0.04342041744492587
36	file:/C:/Users/rpilo/Downloads/orpheus/dataset/minified_corpus/minified_corpus/Aerosmith_Just_Push_Play.txt	8.123474806102196E-4	3.948055336824649E-4	0.001539280332115632	0.018743122280177875	0.045280998835532583	0.001284897895904111	9.243332287619764E-4	0.020602430585894355	3.6921053068534167E-4	8.997686529218865E-4	6.809337838965702E-4	0.031081661591688767	0.0018198170955772712	0.12954089132412025	0.3454604734122484	0.11406258440955121	0.0014670081042930621	0.02584854538713373	0.2583937061088517	7.931834263526597E-4
37	file:/C:/Users/rpilo/Downloads/orpheus/dataset/minified_corpus/minified_corpus/Aerosmith_Milkcow_Blues.txt	0.001841466986907802	8.949635148479208E-4	0.0034893121266999765	0.4712665717695169	0.06366518041344449	0.08087244655978876	0.0020953214803946588	0.007722656062014689	8.369435736601871E-4	0.0020396373593299403	0.001543572317567634	0.011987518376297942	0.1795347516765886	0.0013001308125948337	0.12044770812130139	0.024683021293040893	0.022815427172683575	1.2484758657440665E-4	0.0010404977778290018	0.001798025018916349
38	file:/C:/Users/rpilo/Downloads/orpheus/dataset/minified_corpus/minified_corpus/Aerosmith_Monkey_On_My_Back.txt	0.00173974441742147	8.455257627871463E-4	0.003296562651530857	0.09538072011174442	0.023321675701781015	0.0027517706335182896	0.0019795759979065056	0.06253602050790043	0.11127063821367034	0.038753610323209516	0.0014583054387979995	0.01132532829650223	0.0038973674546026304	0.001228311633719638	0.0033142537259543943	0.35475931421102475	0.16886167363434568	1.1795101042571256E-4	0.11146294809099268	0.001698702182164327
39	file:/C:/Users/rpilo/Downloads/orpheus/dataset/minified_corpus/minified_corpus/Aerosmith_Prelude_To_Joanie.txt	0.002181624998249886	0.0010602822588703638	0.004133862087361046	0.00415587129177948	0.3294171543754082	0.003450697437748444	0.07175282582510721	0.26314085919445485	0.024081696145227968	0.0024164016417967805	0.0018287028649190034	0.19892307801504777	0.004887266302557584	0.0015402925504055419	0.0041560465472287155	0.0754228015534373	0.003939769162030017	1.479095839232275E-4	0.001232699787112099	0.002130158377334531
40	file:/C:/Users/rpilo/Downloads/orpheus/dataset/minified_corpus/minified_corpus/Aerosmith_Push_Comes_To_Shove.txt	9.145705934057994E-4	4.444865526617142E-4	0.0017329782640593309	0.040461184392608734	0.002580285137330704	0.0014465851857386833	0.0010406482567023108	0.0038354823559263143	4.1567075937370127E-4	0.030052227205979023	7.666202329334928E-4	0.17050930316958876	0.06012728614317334	6.457142143920252E-4	0.08885998227882848	0.4188081882398403	0.0016516115387796573	6.200596163299768E-5	5.167666196961969E-4	0.1751284028973485
41	file:/C:/Users/rpilo/Downloads/orpheus/dataset/minified_corpus/minified_corpus/Aerosmith_Red_House.txt	0.0014037292811781277	6.822204798184752E-4	0.12151556561109256	0.0026740242827059065	0.18224390651407574	0.12107599500510101	0.0015972396662133302	0.3178831124178192	6.379925404003397E-4	0.0015547922958336587	0.0011766475723923235	0.009137948534025393	0.07742944212346697	9.910748897355368E-4	0.07695895128184459	0.0782434369954943	0.0025349770644637133	9.51698912904217E-5	7.931595885908063E-4	0.0013706139644577315
42	file:/C:/Users/rpilo/Downloads/orpheus/dataset/minified_corpus/minified_corpus/Aerosmith_Same_Old_Song_And_Dance.txt	9.709626158835932E-4	4.7189339894509867E-4	0.1662653324001203	0.001849628448509158	0.0027393843894962587	0.0015357809951145743	0.0011048141727142146	0.06573153881474685	0.041547675700163586	0.05245842181336039	8.138897009430935E-4	0.09881008244293117	0.022728333425073563	0.0931748721135621	0.14572201847136723	0.1055041251869164	0.022306636615197033	6.58292220870037E-5	5.486302232756214E-4	0.17565014984959282
43	file:/C:/Users/rpilo/Downloads/orpheus/dataset/minified_corpus/minified_corpus/Aerosmith_Sight_For_Sore_Eyes.txt	0.07760136821283575	4.4022528421929733E-4	0.02089025568506234	0.0017255024360698346	0.08883805933664045	0.0014327168521201688	0.0010306716183779638	0.0517334402686437	4.116857463766879E-4	0.4611766743997404	0.2020851302762546	0.06341823709734228	0.002029174947613512	6.395237872843173E-4	0.0017255752014861238	0.0025544320081852326	0.020809669018159282	6.141151384607104E-5	5.118124061763072E-4	8.844339035657349E-4
44	file:/C:/Users/rpilo/Downloads/orpheus/dataset/minified_corpus/minified_corpus/Aerosmith_Somebody.txt	0.001955823674987784	9.505415209908854E-4	0.0037060014191628164	0.0037257326392871504	0.0055179805650839514	0.023793832779707955	0.002225442751459713	0.008202239663953578	8.889184914154711E-4	0.10566773803304319	0.1465414418981875	0.3025359784230869	0.06648228967587223	0.001380870057368775	0.2728296270854838	0.005515570716557577	0.0449325723644361	1.3260072937682106E-4	0.0011051135872206818	0.0019096839233170696
45	file:/C:/Users/rpilo/Downloads/orpheus/dataset/minified_corpus/minified_corpus/Aerosmith_St._John.txt	0.14045319753566496	2.919056517562117E-4	0.0011380910099986475	0.01385802086943924	0.0016945390366007852	9.500093735913437E-4	6.834202425305876E-4	0.0025188590525441956	2.729815856168893E-4	6.652580388404958E-4	5.034590527067375E-4	0.003909907282832005	0.0013455102576875892	4.240569877123072E-4	0.0011441985998996904	0.4085376555947189	0.40792851201526065	4.072089590756673E-5	0.013053244333638083	5.864525830529963E-4
46	file:/C:/Users/rpilo/Downloads/orpheus/dataset/minified_corpus/minified_corpus/Aerosmith_Sunshine.txt	0.011133145518536263	4.670932711698429E-4	0.0018211180549297002	0.25613230372378937	0.17563653227637596	0.0015201589393116343	0.0010935759371110108	0.004030556131373715	0.27508242088861773	0.041752752028316575	0.010977670358646866	0.046944682434790795	0.002153020278554783	6.785554317337965E-4	0.001830891124168608	0.16546328849174727	0.0017356129937581737	6.515960331702369E-5	5.430495239503561E-4	9.38412989800561E-4
47	file:/C:/Users/rpilo/Downloads/orpheus/dataset/minified_corpus/minified_corpus/Aerosmith_The_Farm.txt	6.244389338243455E-4	0.08622065890547623	0.001183220964409276	0.06067064381528703	0.001761734426773417	9.876811233399845E-4	7.105206449744508E-4	0.10175394748445551	0.5422229292081431	0.06017276146862967	5.234232593445706E-4	0.004064951067444804	0.047661961079768646	4.408725783415554E-4	0.08710674874820572	0.0017609650306035416	0.0011276664216011475	4.233564565932043E-5	3.5283137175604057E-4	6.097078219615335E-4
48	file:/C:/Users/rpilo/Downloads/orpheus/dataset/minified_corpus/minified_corpus/Aerosmith_The_Grind.txt	0.0010947115839068146	5.320361069970298E-4	0.04841969237980886	0.10636245273963346	0.026261204885431422	0.07124957564541817	0.0012456224916899106	0.16679975499630786	4.975445292672227E-4	0.001212519507600265	0.012503963045503726	0.2851985545952281	0.00245236786310165	7.728991457683971E-4	0.002085451121139963	0.003087169478767303	0.0019769258892123756	7.42191417046863E-5	0.23234541871005693	0.03582791614345594
49	file:/C:/Users/rpilo/Downloads/orpheus/dataset/minified_corpus/minified_corpus/Aerosmith_The_Reason_A_Dog.txt	0.05182138388750938	4.670932711698429E-4	0.0018211180549297002	0.02217493310219397	0.002711519208240242	0.052380456900528026	0.0010935759371110108	0.014202615723616993	0.12250152700496855	0.0010645136593434566	0.03132178954313342	0.1486652783572236	0.012325079870798061	6.785554317337965E-4	0.41888533440614306	0.11460299053053087	0.0017356129937581737	6.515960331702369E-5	5.430495239503561E-4	9.38412989800561E-4
50	file:/C:/Users/rpilo/Downloads/orpheus/dataset/minified_corpus/minified_corpus/Aerosmith_Title_Fly_Away_From_Here.txt	9.235099339637531E-4	4.488311234322188E-4	0.050621707898526325	0.2167951136842463	0.24696446018946833	0.001460724627477404	0.0010508199254994236	0.003872971734254089	4.19733674259459E-4	0.030345968438702048	7.741134536757974E-4	0.18195028034809205	0.24642779713410343	6.520256564033699E-4	0.0017593079816469212	0.01237872605179829	0.0016677549815286921	6.261203011109801E-5	5.218176817309426E-4	9.0172345108012E-4
51	file:/C:/Users/rpilo/Downloads/orpheus/dataset/minified_corpus/minified_corpus/Air_Supply_Big_Cat.txt	0.0011206807680893926	0.09543425035342093	0.0021235270694806904	0.0021348329960869925	0.003161785378234184	0.15596818039509086	0.0012751716445299802	0.23006264088666886	0.012370546612996877	0.013102482512517945	0.25002456972180503	0.04287896647368532	0.08553893785000145	7.912341671256986E-4	0.0021349230232051357	0.0980499976166655	0.0020238233125035804	7.597979774335111E-5	6.332265835570443E-4	0.001094242836591241
52	file:/C:/Users/rpilo/Downloads/orpheus/dataset/minified_corpus/minified_corpus/Air_Supply_Dont_Be_Afraid.txt	0.02527177633957794	0.0010602822588703638	0.004133862087361046	0.00415587129177948	0.21396639766876793	0.003450697437748444	0.0024823718011230443	0.26314085919445485	0.024081696145227968	0.0024164016417967805	0.0018287028649190034	0.1296526239910636	0.2819690823984942	0.0015402925504055419	0.0041560465472287155	0.006152347529453135	0.003939769162030017	1.479095839232275E-4	0.001232699787112099	0.025220309718662588
53	file:/C:/Users/rpilo/Downloads/orpheus/dataset/minified_corpus/minified_corpus/Air_Supply_Evidence_Of_Love.txt	0.0015930753743717144	7.742437668456342E-4	0.003018646145743063	0.01989570514694218	0.02135554330713497	0.08682471952162558	0.03553466266354898	0.4619276215941321	7.240500136120328E-4	0.0017645149616574496	0.0013353630910365006	0.26328535742278136	0.08787373687518199	0.001124758899145237	0.0030348457752565096	0.00449259306783292	0.00287691479414383	1.0800715795367443E-4	9.00147218892752E-4	0.0015554932021614814
54	file:/C:/Users/rpilo/Downloads/orpheus/dataset/minified_corpus/minified_corpus/Air_Supply_If_You_Love_Me.txt	0.0016486718445953745	8.012639701717099E-4	0.0031239933711521297	0.02059004202300929	0.004651410714074317	0.31669721035199716	0.001875948661943366	0.12906003384029271	7.493185135648978E-4	0.001826094473275775	0.0013819657035198335	0.48186670233470924	0.0036933470951837307	0.0011640116712683306	0.02059017446498488	0.004649379319595365	0.0029773157608913733	1.1177648163899084E-4	9.315613056692917E-4	0.00160977809846225
55	file:/C:/Users/rpilo/Downloads/orpheus/dataset/minified_corpus/minified_corpus/Air_Supply_Im_Alive.txt	0.04799618499715409	5.382727195058425E-4	0.0020986347448618283	0.4827183786849945	0.07345768396626982	0.0017518130464501114	0.0012602238781574183	0.0163669251121966	5.033768259743645E-4	0.0012267328555832836	9.283762470163414E-4	0.3588746593002407	0.0024811149122024277	7.819591934177135E-4	0.0021098971133904324	0.003123357774138415	0.0020000997313022444	7.508915037789723E-5	6.25803800065497E-4	0.001081415946700473
56	file:/C:/Users/rpilo/Downloads/orpheus/dataset/minified_corpus/minified_corpus/Air_Supply_Its_Never_Too_Late.txt	0.0012546115443638503	6.097484046662777E-4	0.0023773064123173183	0.0023899634922315022	0.18944161582417704	0.001984431258799719	0.0014275653797470498	0.2309996368519305	5.702187858705177E-4	0.001389627180679543	0.0010516526567944265	0.5393157141800125	0.016089287199067614	8.857933040676881E-4	0.0023900642783473564	0.0035380994632819088	0.002265687217911769	8.506002253412008E-5	7.089024854804838E-4	0.0012250140577189862
57	file:/C:/Users/rpilo/Downloads/orpheus/dataset/minified_corpus/minified_corpus/Air_Supply_Its_Not_Easy.txt	0.0016779511117671847	8.154938619083281E-4	0.28732836340484746	0.003196401242191839	0.11128985031879296	0.2157656991225826	0.0019092642075770815	0.00703691101560971	7.626258900615436E-4	0.05513644153325428	0.0014065084548188747	0.135238207773622	0.003758938375044917	0.0011846837102953177	0.020955841666284378	0.14680639410823748	0.0030301908214461766	1.1376155433866817E-4	9.481051876097912E-4	0.0016383666397093847
58	file:/C:/Users/rpilo/Downloads/orpheus/dataset/minified_corpus/minified_corpus/Air_Supply_Its_Not_Too_Late.txt	0.001082173154248548	5.25942358286129E-4	0.20821603589200416	0.0020614781862528203	0.003053143547429643	0.0017116837832172156	0.0012313555831978396	0.15343565355774194	4.918458345847304E-4	0.0011986317486884016	9.071096770069556E-4	0.3964683688165443	0.05969246687233902	7.640466391222482E-4	0.16241249023693677	0.003051810158630643	0.0019542828966964535	7.336906255941954E-5	6.114683403108936E-4	0.001056643654201948
59	file:/C:/Users/rpilo/Downloads/orpheus/dataset/minified_corpus/minified_corpus/Air_Supply_I_Cant_Get_Excited.txt	8.265607267820294E-4	4.017132528225629E-4	0.0015662123665097683	0.010322806296960784	0.0023319822152543432	0.12378295217437316	9.40505834744959E-4	0.3359000890679879	3.7567042658840196E-4	9.155114645473375E-4	0.1581614416691271	0.11035977916817008	0.24680280364243032	5.835766141942249E-4	0.001574617478885267	0.0023309637767443343	0.0014926756268988986	5.603907788170985E-5	4.6703775064770476E-4	8.070613684491641E-4
60	file:/C:/Users/rpilo/Downloads/orpheus/dataset/minified_corpus/minified_corpus/Air_Supply_I_Can_Wait_Forever.txt	0.0013438334311035342	6.531107532316438E-4	0.08788454754445685	0.0025599261017529855	0.046460457040551975	0.0021255543831729226	0.0015290869042360244	0.01985873405942989	6.107699797108198E-4	0.0014884507244943281	0.0011264410920320254	0.7625686185143978	0.05990256856966067	9.487866267461994E-4	0.002560034055288472	0.0037897119332968706	0.0024268119016851615	9.110907869872146E-5	7.593161912630897E-4	0.0013121311147900204
61	file:/C:/Users/rpilo/Downloads/orpheus/dataset/minified_corpus/minified_corpus/Air_Supply_I_Wanna_Hold_You_Tonight.txt	0.009173553028819411	3.848781896676977E-4	0.0015005752885222784	0.0015085645410837785	0.0944322044829413	0.04316074897707431	0.0428092506709249	0.15419049567081128	3.599267703545251E-4	8.771440638794155E-4	6.638117748381682E-4	0.11411643585877344	0.5214352383251245	5.591199922465251E-4	0.0015086281581060072	0.01061490931550335	0.0014301203383391993	5.36905832561275E-5	4.4746505800534074E-4	7.732389117285366E-4
62	file:/C:/Users/rpilo/Downloads/orpheus/dataset/minified_corpus/minified_corpus/Air_Supply_I_Want_To_Give_It_All.txt	0.002085324100115132	0.0010134794701750233	0.04809320596172536	0.0039724235689802545	0.005883341122971296	0.003298377372332505	0.0023727953917289882	0.14117079255755616	9.477762115740038E-4	0.024380647310716843	0.0017479805920927517	0.3446386215452511	0.31366427396854724	0.0014723012337891127	0.02604350112374608	0.07209350181802814	0.003765860580559114	1.4138058568293822E-4	0.001178286174908056	0.0020361293095198757
63	file:/C:/Users/rpilo/Downloads/orpheus/dataset/minified_corpus/minified_corpus/Air_Supply_Just_Between_The_Lines.txt	0.0021323878402989753	0.0010363527177739663	0.004040564833843159	0.004062077311887815	0.006016122419657577	0.0033728185470502164	0.002426347079842883	0.03151173504984552	9.691666004212258E-4	0.0023618658029585598	0.0017874308168458785	0.4878309548752582	0.11762211067267925	0.0015055296430975635	0.04920030670209373	0.05115155310946765	0.22954114284789137	1.4457140822762276E-4	0.001204878949812938	0.0020820827710459093
64	file:/C:/Users/rpilo/Downloads/orpheus/dataset/minified_corpus/minified_corpus/Air_Supply_News_From_Nowhere.txt	0.0011913340182167697	5.78995164117248E-4	0.06530234322537776	0.0022694234110807836	0.11684200928325784	0.0018843445814294311	0.0013555647624648181	0.09325907348401598	5.414592592309205E-4	0.0013195400125395993	9.986115551188488E-4	0.4364608871174977	0.0026688209967304566	8.411174765489219E-4	0.11575040845418505	0.041186615166173716	0.11563230446905248	8.076993942102136E-5	6.731483145881166E-4	0.0011632293089526588
65	file:/C:/Users/rpilo/Downloads/orpheus/dataset/minified_corpus/minified_corpus/Air_Supply_Now_And_Forever.txt	0.001841466986907802	8.949635148479208E-4	0.02297925721436176	0.10095761510394302	0.06366518041344449	0.002912666209141625	0.0020953214803946588	0.007722656062014689	8.369435736601871E-4	0.0020396373593299403	0.001543572317567634	0.7720953767951075	0.004125245887632567	0.0013001308125948337	0.0035080375953306835	0.005193076205379109	0.0033254820850217902	1.2484758657440665E-4	0.0010404977778290018	0.001798025018916349
66	file:/C:/Users/rpilo/Downloads/orpheus/dataset/minified_corpus/minified_corpus/Air_Supply_Shadow_Of_The_Sun.txt	0.026080461212403108	5.717855274322606E-4	0.0769411805305706	0.0022411645942679646	0.42668661560518556	0.21354455489045293	0.001338685296027058	0.19171365993883005	5.347170189140621E-4	0.0013031091255973591	9.861768631766218E-4	0.007658736254248498	0.02753955055138189	8.306438978540865E-4	0.0022412591054499055	0.0033178177298023013	0.0021246257488762876	7.976419368360777E-5	0.01311674711595067	0.001148744799895206
67	file:/C:/Users/rpilo/Downloads/orpheus/dataset/minified_corpus/minified_corpus/Air_Supply_Stronger_Than_The_Night.txt	0.0013438334311035342	6.531107532316438E-4	0.0025463689117165636	0.0025599261017529855	0.16024469521753903	0.0021255543831729226	0.0015290869042360244	0.005635704287306513	6.107699797108198E-4	0.0014884507244943281	0.0011264410920320254	0.805237707830768	0.003010449481167144	9.487866267461994E-4	0.002560034055288472	0.0037897119332968706	0.0024268119016851615	9.110907869872146E-5	7.593161912630897E-4	0.0013121311147900204
68	file:/C:/Users/rpilo/Downloads/orpheus/dataset/minified_corpus/minified_corpus/Air_Supply_Thats_How_The_Whole_Thing_Started.txt	0.0015930753743717144	7.742437668456342E-4	0.4076823424846946	0.003034717799485868	0.004494555959678658	0.05310274482671296	0.0018126879686363566	0.1415688619924621	7.240500136120328E-4	0.0017645149616574496	0.0013353630910365006	0.33072930681260665	0.003568800137900416	0.001124758899145237	0.019895833122712824	0.00449259306783292	0.00287691479414383	1.0800715795367443E-4	9.00147218892752E-4	0.018416480549617795
69	file:/C:/Users/rpilo/Downloads/orpheus/dataset/minified_corpus/minified_corpus/Air_Supply_Two_Less_Lonely_People_In_The_World.txt	0.0010018494140621621	4.869045599687931E-4	0.0018983589358202236	0.04432245489661194	0.013430022768175794	0.0015846349436256801	0.0011399588547227934	0.0042015080942205294	4.553388330260258E-4	0.001109663929829824	8.397799324735513E-4	0.7063526209683846	0.0022443384566600186	7.073356742547521E-4	0.09734002144995482	0.045239279992816336	0.07603370776508368	6.792328200609048E-5	5.660824204084191E-4	9.78214827893975E-4
70	file:/C:/Users/rpilo/Downloads/orpheus/dataset/minified_corpus/minified_corpus/Air_Supply_Winter_Wonderland.txt	0.0011479119935782437	5.57891811155399E-4	0.002175126281412643	0.002186706928747223	0.039686850043744316	0.0018156635435415216	0.0013061568167377494	0.11415876933620347	5.217240238262642E-4	0.45079970140148723	9.622139244899572E-4	0.09251852429113375	0.002571547176539116	0.21949988220928435	0.014336211475744244	0.015386610990842285	0.0020729998403263387	7.782601752677248E-5	6.486132452838932E-4	0.037569068648395286
71	file:/C:/Users/rpilo/Downloads/orpheus/dataset/minified_corpus/minified_corpus/Aiza_Seguerra_Home.txt	0.0011075439685287358	5.382727195058425E-4	0.0020986347448618283	0.3303302953419621	0.03829120319480081	0.0017518130464501114	0.0012602238781574183	0.0163669251121966	5.033768259743645E-4	0.39978018159889883	0.012650536504172681	0.0892649733856449	0.0845362367122968	7.819591934177135E-4	0.013832057370546772	0.003123357774138415	0.0020000997313022444	7.508915037789723E-5	6.25803800065497E-4	0.001081415946700473
72	file:/C:/Users/rpilo/Downloads/orpheus/dataset/minified_corpus/minified_corpus/Aiza_Seguerra_One_And_Only_You.txt	0.002602225455371352	0.0012646964928090122	0.004930838783638341	0.004957091192753594	0.007341678941889042	0.14182473656261146	0.0029609539200185294	0.17616361405305736	0.001182706987185891	0.00288226522327577	0.029723016919132407	0.29235742025361783	0.005829493515107431	0.0018372490627855645	0.03249905449587562	0.17258899819454276	0.004699326240736114	1.7642540981478139E-4	0.0014703547894011296	0.11270785350637591
73	file:/C:/Users/rpilo/Downloads/orpheus/dataset/minified_corpus/minified_corpus/Aiza_Seguerra_Put_A_Little_Love_In_Your_Heart.txt	8.338555075770713E-4	4.0525855811817323E-4	0.010405497532378554	0.02806483507239416	0.0023525630371189934	0.274908258483451	9.48806233830738E-4	0.003496983294415595	3.7898589189463706E-4	9.235912767532976E-4	6.989624508602275E-4	0.3496212459374537	0.24015548994261363	5.887269477870551E-4	0.0015885142065815234	0.0023515356104179866	0.080935012734442	5.653364866865598E-5	4.711595748568568E-4	8.141840583861804E-4
74	file:/C:/Users/rpilo/Downloads/orpheus/dataset/minified_corpus/minified_corpus/Aiza_Seguerra_Sorry.txt	0.0013066639894551693	6.350461914561355E-4	0.0024759382255253913	0.1269558017546627	0.003686501289004858	0.0020667631164971905	0.0014867934881423294	0.005479824862962634	5.938765325052448E-4	0.0014472812751637467	0.0010952845621589574	0.8382839517138236	0.002927182668677069	9.225438883655714E-4	0.0024892254013039287	0.0036848912960746544	0.002359688074220049	8.858906877342328E-5	7.383140653964669E-4	0.0012758385358309292
